A:
      3.64       8.65       6.39      0.617       7.29       4.37       3.83       1.23       6.55 
      8.65        3.9       2.68        4.9       4.15       6.82       4.14        2.4      0.272 
      6.39       2.68       2.54       2.87       1.41       4.66       7.98        2.1       9.05 
     0.617        4.9       2.87       7.43          4      0.777       5.52       3.64       8.19 
      7.29       4.15       1.41          4       2.73       3.32       1.93       2.47       5.81 
      4.37       6.82       4.66      0.777       3.32       5.69       6.61       6.26       5.89 
      3.83       4.14       7.98       5.52       1.93       6.61       7.76       2.89       0.87 
      1.23        2.4        2.1       3.64       2.47       6.26       2.89       8.11       6.68 
      6.55      0.272       9.05       8.19       5.81       5.89       0.87       6.68       3.04 
D:
     -12.1   4.08e-10   5.14e-11    6.3e-14  -1.99e-15  -3.84e-08  -1.75e-09   3.03e-09   1.99e-11 
  4.08e-10      -8.28     -1e-10  -2.37e-13  -1.38e-15  -1.25e-18   4.44e-08  -2.57e-08  -1.28e-10 
  5.14e-11     -1e-10      -2.27   5.49e-13   1.65e-15  -3.38e-21  -3.47e-09  -1.37e-09  -1.08e-11 
  6.29e-14  -2.37e-13   5.48e-13      -1.55  -7.93e-16   3.51e-23  -6.84e-10   -5.1e-11   -3.7e-14 
 -2.22e-15  -1.11e-15   2.05e-15  -4.65e-16       4.48   5.29e-23   1.02e-11   2.37e-13  -3.25e-15 
 -3.84e-08   1.36e-15   -8.9e-16  -3.38e-16    8.8e-16       6.99  -6.79e-12   2.69e-16  -6.15e-08 
 -1.75e-09   4.44e-08  -3.47e-09  -6.84e-10   1.02e-11   -6.8e-12        7.6          0  -1.12e-08 
  3.03e-09  -2.57e-08  -1.37e-09   -5.1e-11   2.39e-13  -1.82e-16  -1.65e-16       9.65  -4.29e-09 
  1.99e-11  -1.28e-10  -1.08e-11  -3.73e-14  -4.28e-15  -6.15e-08  -1.12e-08  -4.29e-09       40.3 
VAVt:
      3.64       8.65       6.39      0.617       7.29       4.37       3.83       1.23       6.55 
      8.65        3.9       2.68        4.9       4.15       6.82       4.14        2.4      0.272 
      6.39       2.68       2.54       2.87       1.41       4.66       7.98        2.1       9.05 
     0.617        4.9       2.87       7.43          4      0.777       5.52       3.64       8.19 
      7.29       4.15       1.41          4       2.73       3.32       1.93       2.47       5.81 
      4.37       6.82       4.66      0.777       3.32       5.69       6.61       6.26       5.89 
      3.83       4.14       7.98       5.52       1.93       6.61       7.76       2.89       0.87 
      1.23        2.4        2.1       3.64       2.47       6.26       2.89       8.11       6.68 
      6.55      0.272       9.05       8.19       5.81       5.89       0.87       6.68       3.04 
A=VDVt is True
VtAV=D is True
VVt=1 is True
VtV=1 is True
